{
 "cells": [
  {
   "cell_type": "code",
   "execution_count": 1,
   "metadata": {},
   "outputs": [],
   "source": [
    "import pandas as p\n",
    "import numpy as n"
   ]
  },
  {
   "cell_type": "code",
   "execution_count": 2,
   "metadata": {},
   "outputs": [
    {
     "data": {
      "text/html": [
       "<div>\n",
       "<style scoped>\n",
       "    .dataframe tbody tr th:only-of-type {\n",
       "        vertical-align: middle;\n",
       "    }\n",
       "\n",
       "    .dataframe tbody tr th {\n",
       "        vertical-align: top;\n",
       "    }\n",
       "\n",
       "    .dataframe thead th {\n",
       "        text-align: right;\n",
       "    }\n",
       "</style>\n",
       "<table border=\"1\" class=\"dataframe\">\n",
       "  <thead>\n",
       "    <tr style=\"text-align: right;\">\n",
       "      <th></th>\n",
       "      <th>corona</th>\n",
       "      <th>decieved</th>\n",
       "      <th>death</th>\n",
       "    </tr>\n",
       "  </thead>\n",
       "  <tbody>\n",
       "    <tr>\n",
       "      <th>0</th>\n",
       "      <td>100</td>\n",
       "      <td>90</td>\n",
       "      <td>10</td>\n",
       "    </tr>\n",
       "    <tr>\n",
       "      <th>1</th>\n",
       "      <td>200</td>\n",
       "      <td>180</td>\n",
       "      <td>20</td>\n",
       "    </tr>\n",
       "    <tr>\n",
       "      <th>2</th>\n",
       "      <td>300</td>\n",
       "      <td>270</td>\n",
       "      <td>30</td>\n",
       "    </tr>\n",
       "    <tr>\n",
       "      <th>3</th>\n",
       "      <td>400</td>\n",
       "      <td>360</td>\n",
       "      <td>40</td>\n",
       "    </tr>\n",
       "  </tbody>\n",
       "</table>\n",
       "</div>"
      ],
      "text/plain": [
       "   corona  decieved  death\n",
       "0     100        90     10\n",
       "1     200       180     20\n",
       "2     300       270     30\n",
       "3     400       360     40"
      ]
     },
     "execution_count": 2,
     "metadata": {},
     "output_type": "execute_result"
    }
   ],
   "source": [
    "d={\"corona\":[100,200,300,400],\"decieved\":[90,180,270,360],\"death\":[10,20,30,40]}\n",
    "df=p.DataFrame(d)\n",
    "df\n"
   ]
  },
  {
   "cell_type": "code",
   "execution_count": 4,
   "metadata": {},
   "outputs": [
    {
     "data": {
      "text/plain": [
       "LinearRegression(copy_X=True, fit_intercept=True, n_jobs=None,\n",
       "         normalize=False)"
      ]
     },
     "execution_count": 4,
     "metadata": {},
     "output_type": "execute_result"
    }
   ],
   "source": [
    "from sklearn.linear_model import LinearRegression as l\n",
    "obj=l()\n",
    "obj"
   ]
  },
  {
   "cell_type": "code",
   "execution_count": 6,
   "metadata": {},
   "outputs": [],
   "source": [
    "x=df[[\"corona\",\"decieved\"]]\n",
    "y=df[\"death\"]"
   ]
  },
  {
   "cell_type": "code",
   "execution_count": 7,
   "metadata": {},
   "outputs": [
    {
     "data": {
      "text/plain": [
       "LinearRegression(copy_X=True, fit_intercept=True, n_jobs=None,\n",
       "         normalize=False)"
      ]
     },
     "execution_count": 7,
     "metadata": {},
     "output_type": "execute_result"
    }
   ],
   "source": [
    "obj.fit(x,y)"
   ]
  },
  {
   "cell_type": "code",
   "execution_count": 16,
   "metadata": {},
   "outputs": [
    {
     "data": {
      "text/plain": [
       "array([1.60220994])"
      ]
     },
     "execution_count": 16,
     "metadata": {},
     "output_type": "execute_result"
    }
   ],
   "source": [
    "obj.predict([[20,10]])"
   ]
  },
  {
   "cell_type": "code",
   "execution_count": 23,
   "metadata": {},
   "outputs": [
    {
     "data": {
      "text/plain": [
       "{'data': array([[6.3200e-03, 1.8000e+01, 2.3100e+00, ..., 1.5300e+01, 3.9690e+02,\n",
       "         4.9800e+00],\n",
       "        [2.7310e-02, 0.0000e+00, 7.0700e+00, ..., 1.7800e+01, 3.9690e+02,\n",
       "         9.1400e+00],\n",
       "        [2.7290e-02, 0.0000e+00, 7.0700e+00, ..., 1.7800e+01, 3.9283e+02,\n",
       "         4.0300e+00],\n",
       "        ...,\n",
       "        [6.0760e-02, 0.0000e+00, 1.1930e+01, ..., 2.1000e+01, 3.9690e+02,\n",
       "         5.6400e+00],\n",
       "        [1.0959e-01, 0.0000e+00, 1.1930e+01, ..., 2.1000e+01, 3.9345e+02,\n",
       "         6.4800e+00],\n",
       "        [4.7410e-02, 0.0000e+00, 1.1930e+01, ..., 2.1000e+01, 3.9690e+02,\n",
       "         7.8800e+00]]),\n",
       " 'target': array([24. , 21.6, 34.7, 33.4, 36.2, 28.7, 22.9, 27.1, 16.5, 18.9, 15. ,\n",
       "        18.9, 21.7, 20.4, 18.2, 19.9, 23.1, 17.5, 20.2, 18.2, 13.6, 19.6,\n",
       "        15.2, 14.5, 15.6, 13.9, 16.6, 14.8, 18.4, 21. , 12.7, 14.5, 13.2,\n",
       "        13.1, 13.5, 18.9, 20. , 21. , 24.7, 30.8, 34.9, 26.6, 25.3, 24.7,\n",
       "        21.2, 19.3, 20. , 16.6, 14.4, 19.4, 19.7, 20.5, 25. , 23.4, 18.9,\n",
       "        35.4, 24.7, 31.6, 23.3, 19.6, 18.7, 16. , 22.2, 25. , 33. , 23.5,\n",
       "        19.4, 22. , 17.4, 20.9, 24.2, 21.7, 22.8, 23.4, 24.1, 21.4, 20. ,\n",
       "        20.8, 21.2, 20.3, 28. , 23.9, 24.8, 22.9, 23.9, 26.6, 22.5, 22.2,\n",
       "        23.6, 28.7, 22.6, 22. , 22.9, 25. , 20.6, 28.4, 21.4, 38.7, 43.8,\n",
       "        33.2, 27.5, 26.5, 18.6, 19.3, 20.1, 19.5, 19.5, 20.4, 19.8, 19.4,\n",
       "        21.7, 22.8, 18.8, 18.7, 18.5, 18.3, 21.2, 19.2, 20.4, 19.3, 22. ,\n",
       "        20.3, 20.5, 17.3, 18.8, 21.4, 15.7, 16.2, 18. , 14.3, 19.2, 19.6,\n",
       "        23. , 18.4, 15.6, 18.1, 17.4, 17.1, 13.3, 17.8, 14. , 14.4, 13.4,\n",
       "        15.6, 11.8, 13.8, 15.6, 14.6, 17.8, 15.4, 21.5, 19.6, 15.3, 19.4,\n",
       "        17. , 15.6, 13.1, 41.3, 24.3, 23.3, 27. , 50. , 50. , 50. , 22.7,\n",
       "        25. , 50. , 23.8, 23.8, 22.3, 17.4, 19.1, 23.1, 23.6, 22.6, 29.4,\n",
       "        23.2, 24.6, 29.9, 37.2, 39.8, 36.2, 37.9, 32.5, 26.4, 29.6, 50. ,\n",
       "        32. , 29.8, 34.9, 37. , 30.5, 36.4, 31.1, 29.1, 50. , 33.3, 30.3,\n",
       "        34.6, 34.9, 32.9, 24.1, 42.3, 48.5, 50. , 22.6, 24.4, 22.5, 24.4,\n",
       "        20. , 21.7, 19.3, 22.4, 28.1, 23.7, 25. , 23.3, 28.7, 21.5, 23. ,\n",
       "        26.7, 21.7, 27.5, 30.1, 44.8, 50. , 37.6, 31.6, 46.7, 31.5, 24.3,\n",
       "        31.7, 41.7, 48.3, 29. , 24. , 25.1, 31.5, 23.7, 23.3, 22. , 20.1,\n",
       "        22.2, 23.7, 17.6, 18.5, 24.3, 20.5, 24.5, 26.2, 24.4, 24.8, 29.6,\n",
       "        42.8, 21.9, 20.9, 44. , 50. , 36. , 30.1, 33.8, 43.1, 48.8, 31. ,\n",
       "        36.5, 22.8, 30.7, 50. , 43.5, 20.7, 21.1, 25.2, 24.4, 35.2, 32.4,\n",
       "        32. , 33.2, 33.1, 29.1, 35.1, 45.4, 35.4, 46. , 50. , 32.2, 22. ,\n",
       "        20.1, 23.2, 22.3, 24.8, 28.5, 37.3, 27.9, 23.9, 21.7, 28.6, 27.1,\n",
       "        20.3, 22.5, 29. , 24.8, 22. , 26.4, 33.1, 36.1, 28.4, 33.4, 28.2,\n",
       "        22.8, 20.3, 16.1, 22.1, 19.4, 21.6, 23.8, 16.2, 17.8, 19.8, 23.1,\n",
       "        21. , 23.8, 23.1, 20.4, 18.5, 25. , 24.6, 23. , 22.2, 19.3, 22.6,\n",
       "        19.8, 17.1, 19.4, 22.2, 20.7, 21.1, 19.5, 18.5, 20.6, 19. , 18.7,\n",
       "        32.7, 16.5, 23.9, 31.2, 17.5, 17.2, 23.1, 24.5, 26.6, 22.9, 24.1,\n",
       "        18.6, 30.1, 18.2, 20.6, 17.8, 21.7, 22.7, 22.6, 25. , 19.9, 20.8,\n",
       "        16.8, 21.9, 27.5, 21.9, 23.1, 50. , 50. , 50. , 50. , 50. , 13.8,\n",
       "        13.8, 15. , 13.9, 13.3, 13.1, 10.2, 10.4, 10.9, 11.3, 12.3,  8.8,\n",
       "         7.2, 10.5,  7.4, 10.2, 11.5, 15.1, 23.2,  9.7, 13.8, 12.7, 13.1,\n",
       "        12.5,  8.5,  5. ,  6.3,  5.6,  7.2, 12.1,  8.3,  8.5,  5. , 11.9,\n",
       "        27.9, 17.2, 27.5, 15. , 17.2, 17.9, 16.3,  7. ,  7.2,  7.5, 10.4,\n",
       "         8.8,  8.4, 16.7, 14.2, 20.8, 13.4, 11.7,  8.3, 10.2, 10.9, 11. ,\n",
       "         9.5, 14.5, 14.1, 16.1, 14.3, 11.7, 13.4,  9.6,  8.7,  8.4, 12.8,\n",
       "        10.5, 17.1, 18.4, 15.4, 10.8, 11.8, 14.9, 12.6, 14.1, 13. , 13.4,\n",
       "        15.2, 16.1, 17.8, 14.9, 14.1, 12.7, 13.5, 14.9, 20. , 16.4, 17.7,\n",
       "        19.5, 20.2, 21.4, 19.9, 19. , 19.1, 19.1, 20.1, 19.9, 19.6, 23.2,\n",
       "        29.8, 13.8, 13.3, 16.7, 12. , 14.6, 21.4, 23. , 23.7, 25. , 21.8,\n",
       "        20.6, 21.2, 19.1, 20.6, 15.2,  7. ,  8.1, 13.6, 20.1, 21.8, 24.5,\n",
       "        23.1, 19.7, 18.3, 21.2, 17.5, 16.8, 22.4, 20.6, 23.9, 22. , 11.9]),\n",
       " 'feature_names': array(['CRIM', 'ZN', 'INDUS', 'CHAS', 'NOX', 'RM', 'AGE', 'DIS', 'RAD',\n",
       "        'TAX', 'PTRATIO', 'B', 'LSTAT'], dtype='<U7'),\n",
       " 'DESCR': \".. _boston_dataset:\\n\\nBoston house prices dataset\\n---------------------------\\n\\n**Data Set Characteristics:**  \\n\\n    :Number of Instances: 506 \\n\\n    :Number of Attributes: 13 numeric/categorical predictive. Median Value (attribute 14) is usually the target.\\n\\n    :Attribute Information (in order):\\n        - CRIM     per capita crime rate by town\\n        - ZN       proportion of residential land zoned for lots over 25,000 sq.ft.\\n        - INDUS    proportion of non-retail business acres per town\\n        - CHAS     Charles River dummy variable (= 1 if tract bounds river; 0 otherwise)\\n        - NOX      nitric oxides concentration (parts per 10 million)\\n        - RM       average number of rooms per dwelling\\n        - AGE      proportion of owner-occupied units built prior to 1940\\n        - DIS      weighted distances to five Boston employment centres\\n        - RAD      index of accessibility to radial highways\\n        - TAX      full-value property-tax rate per $10,000\\n        - PTRATIO  pupil-teacher ratio by town\\n        - B        1000(Bk - 0.63)^2 where Bk is the proportion of blacks by town\\n        - LSTAT    % lower status of the population\\n        - MEDV     Median value of owner-occupied homes in $1000's\\n\\n    :Missing Attribute Values: None\\n\\n    :Creator: Harrison, D. and Rubinfeld, D.L.\\n\\nThis is a copy of UCI ML housing dataset.\\nhttps://archive.ics.uci.edu/ml/machine-learning-databases/housing/\\n\\n\\nThis dataset was taken from the StatLib library which is maintained at Carnegie Mellon University.\\n\\nThe Boston house-price data of Harrison, D. and Rubinfeld, D.L. 'Hedonic\\nprices and the demand for clean air', J. Environ. Economics & Management,\\nvol.5, 81-102, 1978.   Used in Belsley, Kuh & Welsch, 'Regression diagnostics\\n...', Wiley, 1980.   N.B. Various transformations are used in the table on\\npages 244-261 of the latter.\\n\\nThe Boston house-price data has been used in many machine learning papers that address regression\\nproblems.   \\n     \\n.. topic:: References\\n\\n   - Belsley, Kuh & Welsch, 'Regression diagnostics: Identifying Influential Data and Sources of Collinearity', Wiley, 1980. 244-261.\\n   - Quinlan,R. (1993). Combining Instance-Based and Model-Based Learning. In Proceedings on the Tenth International Conference of Machine Learning, 236-243, University of Massachusetts, Amherst. Morgan Kaufmann.\\n\",\n",
       " 'filename': 'C:\\\\Users\\\\APSSDC\\\\Anaconda3\\\\lib\\\\site-packages\\\\sklearn\\\\datasets\\\\data\\\\boston_house_prices.csv'}"
      ]
     },
     "execution_count": 23,
     "metadata": {},
     "output_type": "execute_result"
    }
   ],
   "source": [
    "from sklearn.datasets import load_boston as b\n",
    "d=b()\n",
    "d.keys()\n",
    "d\n",
    "\n"
   ]
  },
  {
   "cell_type": "code",
   "execution_count": 8,
   "metadata": {},
   "outputs": [
    {
     "ename": "NameError",
     "evalue": "name 'd' is not defined",
     "output_type": "error",
     "traceback": [
      "\u001b[1;31m---------------------------------------------------------------------------\u001b[0m",
      "\u001b[1;31mNameError\u001b[0m                                 Traceback (most recent call last)",
      "\u001b[1;32m<ipython-input-8-101d7e9d7362>\u001b[0m in \u001b[0;36m<module>\u001b[1;34m\u001b[0m\n\u001b[1;32m----> 1\u001b[1;33m \u001b[0mr\u001b[0m\u001b[1;33m=\u001b[0m\u001b[0md\u001b[0m\u001b[1;33m.\u001b[0m\u001b[0mdata\u001b[0m\u001b[1;33m\u001b[0m\u001b[1;33m\u001b[0m\u001b[0m\n\u001b[0m\u001b[0;32m      2\u001b[0m \u001b[0mc\u001b[0m\u001b[1;33m=\u001b[0m\u001b[0md\u001b[0m\u001b[1;33m.\u001b[0m\u001b[0mfeature_names\u001b[0m\u001b[1;33m\u001b[0m\u001b[1;33m\u001b[0m\u001b[0m\n\u001b[0;32m      3\u001b[0m \u001b[0mdf\u001b[0m\u001b[1;33m=\u001b[0m\u001b[0mp\u001b[0m\u001b[1;33m.\u001b[0m\u001b[0mDataFrame\u001b[0m\u001b[1;33m(\u001b[0m\u001b[0mr\u001b[0m\u001b[1;33m,\u001b[0m\u001b[0mcolumns\u001b[0m\u001b[1;33m=\u001b[0m\u001b[0mc\u001b[0m\u001b[1;33m)\u001b[0m\u001b[1;33m\u001b[0m\u001b[1;33m\u001b[0m\u001b[0m\n\u001b[0;32m      4\u001b[0m \u001b[0mdf\u001b[0m\u001b[1;33m[\u001b[0m\u001b[1;34m\"Target\"\u001b[0m\u001b[1;33m]\u001b[0m\u001b[1;33m=\u001b[0m\u001b[0md\u001b[0m\u001b[1;33m.\u001b[0m\u001b[0mtarget\u001b[0m\u001b[1;33m\u001b[0m\u001b[1;33m\u001b[0m\u001b[0m\n\u001b[0;32m      5\u001b[0m \u001b[1;33m\u001b[0m\u001b[0m\n",
      "\u001b[1;31mNameError\u001b[0m: name 'd' is not defined"
     ]
    }
   ],
   "source": [
    "r=d.data\n",
    "c=d.feature_names\n",
    "df=p.DataFrame(r,columns=c)\n",
    "df[\"Target\"]=d.target\n",
    "\n",
    "df\n",
    "\n"
   ]
  },
  {
   "cell_type": "code",
   "execution_count": 6,
   "metadata": {},
   "outputs": [
    {
     "ename": "NameError",
     "evalue": "name 'df' is not defined",
     "output_type": "error",
     "traceback": [
      "\u001b[1;31m---------------------------------------------------------------------------\u001b[0m",
      "\u001b[1;31mNameError\u001b[0m                                 Traceback (most recent call last)",
      "\u001b[1;32m<ipython-input-6-865c5e4da6d7>\u001b[0m in \u001b[0;36m<module>\u001b[1;34m\u001b[0m\n\u001b[1;32m----> 1\u001b[1;33m \u001b[0mx\u001b[0m\u001b[1;33m=\u001b[0m\u001b[0mdf\u001b[0m\u001b[1;33m[\u001b[0m\u001b[1;33m[\u001b[0m\u001b[1;34m\"RM\"\u001b[0m\u001b[1;33m,\u001b[0m\u001b[1;34m\"AGE\"\u001b[0m\u001b[1;33m,\u001b[0m\u001b[1;34m\"DIS\"\u001b[0m\u001b[1;33m]\u001b[0m\u001b[1;33m]\u001b[0m\u001b[1;33m\u001b[0m\u001b[1;33m\u001b[0m\u001b[0m\n\u001b[0m\u001b[0;32m      2\u001b[0m \u001b[0my\u001b[0m\u001b[1;33m=\u001b[0m\u001b[0mdf\u001b[0m\u001b[1;33m[\u001b[0m\u001b[1;34m\"Target\"\u001b[0m\u001b[1;33m]\u001b[0m\u001b[1;33m\u001b[0m\u001b[1;33m\u001b[0m\u001b[0m\n",
      "\u001b[1;31mNameError\u001b[0m: name 'df' is not defined"
     ]
    }
   ],
   "source": [
    "x=df[[\"RM\",\"AGE\",\"DIS\"]]\n",
    "y=df[\"Target\"]\n"
   ]
  },
  {
   "cell_type": "code",
   "execution_count": 58,
   "metadata": {},
   "outputs": [
    {
     "data": {
      "text/plain": [
       "LinearRegression(copy_X=True, fit_intercept=True, n_jobs=None,\n",
       "         normalize=False)"
      ]
     },
     "execution_count": 58,
     "metadata": {},
     "output_type": "execute_result"
    }
   ],
   "source": [
    "obj.fit(x,y)"
   ]
  },
  {
   "cell_type": "code",
   "execution_count": 59,
   "metadata": {},
   "outputs": [
    {
     "data": {
      "text/plain": [
       "array([14.0018291])"
      ]
     },
     "execution_count": 59,
     "metadata": {},
     "output_type": "execute_result"
    }
   ],
   "source": [
    "obj.predict([[5,25,8]])"
   ]
  },
  {
   "cell_type": "code",
   "execution_count": 61,
   "metadata": {},
   "outputs": [
    {
     "data": {
      "text/plain": [
       "0      24.0\n",
       "1      21.6\n",
       "2      34.7\n",
       "3      33.4\n",
       "4      36.2\n",
       "5      28.7\n",
       "6      22.9\n",
       "7      27.1\n",
       "8      16.5\n",
       "9      18.9\n",
       "10     15.0\n",
       "11     18.9\n",
       "12     21.7\n",
       "13     20.4\n",
       "14     18.2\n",
       "15     19.9\n",
       "16     23.1\n",
       "17     17.5\n",
       "18     20.2\n",
       "19     18.2\n",
       "20     13.6\n",
       "21     19.6\n",
       "22     15.2\n",
       "23     14.5\n",
       "24     15.6\n",
       "25     13.9\n",
       "26     16.6\n",
       "27     14.8\n",
       "28     18.4\n",
       "29     21.0\n",
       "       ... \n",
       "476    16.7\n",
       "477    12.0\n",
       "478    14.6\n",
       "479    21.4\n",
       "480    23.0\n",
       "481    23.7\n",
       "482    25.0\n",
       "483    21.8\n",
       "484    20.6\n",
       "485    21.2\n",
       "486    19.1\n",
       "487    20.6\n",
       "488    15.2\n",
       "489     7.0\n",
       "490     8.1\n",
       "491    13.6\n",
       "492    20.1\n",
       "493    21.8\n",
       "494    24.5\n",
       "495    23.1\n",
       "496    19.7\n",
       "497    18.3\n",
       "498    21.2\n",
       "499    17.5\n",
       "500    16.8\n",
       "501    22.4\n",
       "502    20.6\n",
       "503    23.9\n",
       "504    22.0\n",
       "505    11.9\n",
       "Name: Target, Length: 506, dtype: float64"
      ]
     },
     "execution_count": 61,
     "metadata": {},
     "output_type": "execute_result"
    }
   ],
   "source": [
    "x=df.drop(\"Target\",axis=1)\n",
    "y=df[\"Target\"]\n",
    "y"
   ]
  },
  {
   "cell_type": "code",
   "execution_count": 64,
   "metadata": {},
   "outputs": [
    {
     "data": {
      "text/plain": [
       "LinearRegression(copy_X=True, fit_intercept=True, n_jobs=None,\n",
       "         normalize=False)"
      ]
     },
     "execution_count": 64,
     "metadata": {},
     "output_type": "execute_result"
    }
   ],
   "source": [
    "from sklearn.linear_model import LinearRegression as l\n",
    "model=l()\n",
    "model.fit(x,y)"
   ]
  },
  {
   "cell_type": "code",
   "execution_count": 66,
   "metadata": {},
   "outputs": [
    {
     "data": {
      "text/plain": [
       "74.06426641094095"
      ]
     },
     "execution_count": 66,
     "metadata": {},
     "output_type": "execute_result"
    }
   ],
   "source": [
    "model.score(x,y)*100"
   ]
  },
  {
   "cell_type": "code",
   "execution_count": 73,
   "metadata": {},
   "outputs": [
    {
     "data": {
      "text/html": [
       "<div>\n",
       "<style scoped>\n",
       "    .dataframe tbody tr th:only-of-type {\n",
       "        vertical-align: middle;\n",
       "    }\n",
       "\n",
       "    .dataframe tbody tr th {\n",
       "        vertical-align: top;\n",
       "    }\n",
       "\n",
       "    .dataframe thead th {\n",
       "        text-align: right;\n",
       "    }\n",
       "</style>\n",
       "<table border=\"1\" class=\"dataframe\">\n",
       "  <thead>\n",
       "    <tr style=\"text-align: right;\">\n",
       "      <th></th>\n",
       "      <th>CRIM</th>\n",
       "      <th>ZN</th>\n",
       "      <th>INDUS</th>\n",
       "      <th>CHAS</th>\n",
       "      <th>NOX</th>\n",
       "      <th>RM</th>\n",
       "      <th>AGE</th>\n",
       "      <th>DIS</th>\n",
       "      <th>RAD</th>\n",
       "      <th>TAX</th>\n",
       "      <th>PTRATIO</th>\n",
       "      <th>B</th>\n",
       "      <th>LSTAT</th>\n",
       "      <th>Target</th>\n",
       "    </tr>\n",
       "  </thead>\n",
       "  <tbody>\n",
       "    <tr>\n",
       "      <th>CRIM</th>\n",
       "      <td>1.000000</td>\n",
       "      <td>-0.200469</td>\n",
       "      <td>0.406583</td>\n",
       "      <td>-0.055892</td>\n",
       "      <td>0.420972</td>\n",
       "      <td>-0.219247</td>\n",
       "      <td>0.352734</td>\n",
       "      <td>-0.379670</td>\n",
       "      <td>0.625505</td>\n",
       "      <td>0.582764</td>\n",
       "      <td>0.289946</td>\n",
       "      <td>-0.385064</td>\n",
       "      <td>0.455621</td>\n",
       "      <td>-0.388305</td>\n",
       "    </tr>\n",
       "    <tr>\n",
       "      <th>ZN</th>\n",
       "      <td>-0.200469</td>\n",
       "      <td>1.000000</td>\n",
       "      <td>-0.533828</td>\n",
       "      <td>-0.042697</td>\n",
       "      <td>-0.516604</td>\n",
       "      <td>0.311991</td>\n",
       "      <td>-0.569537</td>\n",
       "      <td>0.664408</td>\n",
       "      <td>-0.311948</td>\n",
       "      <td>-0.314563</td>\n",
       "      <td>-0.391679</td>\n",
       "      <td>0.175520</td>\n",
       "      <td>-0.412995</td>\n",
       "      <td>0.360445</td>\n",
       "    </tr>\n",
       "    <tr>\n",
       "      <th>INDUS</th>\n",
       "      <td>0.406583</td>\n",
       "      <td>-0.533828</td>\n",
       "      <td>1.000000</td>\n",
       "      <td>0.062938</td>\n",
       "      <td>0.763651</td>\n",
       "      <td>-0.391676</td>\n",
       "      <td>0.644779</td>\n",
       "      <td>-0.708027</td>\n",
       "      <td>0.595129</td>\n",
       "      <td>0.720760</td>\n",
       "      <td>0.383248</td>\n",
       "      <td>-0.356977</td>\n",
       "      <td>0.603800</td>\n",
       "      <td>-0.483725</td>\n",
       "    </tr>\n",
       "    <tr>\n",
       "      <th>CHAS</th>\n",
       "      <td>-0.055892</td>\n",
       "      <td>-0.042697</td>\n",
       "      <td>0.062938</td>\n",
       "      <td>1.000000</td>\n",
       "      <td>0.091203</td>\n",
       "      <td>0.091251</td>\n",
       "      <td>0.086518</td>\n",
       "      <td>-0.099176</td>\n",
       "      <td>-0.007368</td>\n",
       "      <td>-0.035587</td>\n",
       "      <td>-0.121515</td>\n",
       "      <td>0.048788</td>\n",
       "      <td>-0.053929</td>\n",
       "      <td>0.175260</td>\n",
       "    </tr>\n",
       "    <tr>\n",
       "      <th>NOX</th>\n",
       "      <td>0.420972</td>\n",
       "      <td>-0.516604</td>\n",
       "      <td>0.763651</td>\n",
       "      <td>0.091203</td>\n",
       "      <td>1.000000</td>\n",
       "      <td>-0.302188</td>\n",
       "      <td>0.731470</td>\n",
       "      <td>-0.769230</td>\n",
       "      <td>0.611441</td>\n",
       "      <td>0.668023</td>\n",
       "      <td>0.188933</td>\n",
       "      <td>-0.380051</td>\n",
       "      <td>0.590879</td>\n",
       "      <td>-0.427321</td>\n",
       "    </tr>\n",
       "    <tr>\n",
       "      <th>RM</th>\n",
       "      <td>-0.219247</td>\n",
       "      <td>0.311991</td>\n",
       "      <td>-0.391676</td>\n",
       "      <td>0.091251</td>\n",
       "      <td>-0.302188</td>\n",
       "      <td>1.000000</td>\n",
       "      <td>-0.240265</td>\n",
       "      <td>0.205246</td>\n",
       "      <td>-0.209847</td>\n",
       "      <td>-0.292048</td>\n",
       "      <td>-0.355501</td>\n",
       "      <td>0.128069</td>\n",
       "      <td>-0.613808</td>\n",
       "      <td>0.695360</td>\n",
       "    </tr>\n",
       "    <tr>\n",
       "      <th>AGE</th>\n",
       "      <td>0.352734</td>\n",
       "      <td>-0.569537</td>\n",
       "      <td>0.644779</td>\n",
       "      <td>0.086518</td>\n",
       "      <td>0.731470</td>\n",
       "      <td>-0.240265</td>\n",
       "      <td>1.000000</td>\n",
       "      <td>-0.747881</td>\n",
       "      <td>0.456022</td>\n",
       "      <td>0.506456</td>\n",
       "      <td>0.261515</td>\n",
       "      <td>-0.273534</td>\n",
       "      <td>0.602339</td>\n",
       "      <td>-0.376955</td>\n",
       "    </tr>\n",
       "    <tr>\n",
       "      <th>DIS</th>\n",
       "      <td>-0.379670</td>\n",
       "      <td>0.664408</td>\n",
       "      <td>-0.708027</td>\n",
       "      <td>-0.099176</td>\n",
       "      <td>-0.769230</td>\n",
       "      <td>0.205246</td>\n",
       "      <td>-0.747881</td>\n",
       "      <td>1.000000</td>\n",
       "      <td>-0.494588</td>\n",
       "      <td>-0.534432</td>\n",
       "      <td>-0.232471</td>\n",
       "      <td>0.291512</td>\n",
       "      <td>-0.496996</td>\n",
       "      <td>0.249929</td>\n",
       "    </tr>\n",
       "    <tr>\n",
       "      <th>RAD</th>\n",
       "      <td>0.625505</td>\n",
       "      <td>-0.311948</td>\n",
       "      <td>0.595129</td>\n",
       "      <td>-0.007368</td>\n",
       "      <td>0.611441</td>\n",
       "      <td>-0.209847</td>\n",
       "      <td>0.456022</td>\n",
       "      <td>-0.494588</td>\n",
       "      <td>1.000000</td>\n",
       "      <td>0.910228</td>\n",
       "      <td>0.464741</td>\n",
       "      <td>-0.444413</td>\n",
       "      <td>0.488676</td>\n",
       "      <td>-0.381626</td>\n",
       "    </tr>\n",
       "    <tr>\n",
       "      <th>TAX</th>\n",
       "      <td>0.582764</td>\n",
       "      <td>-0.314563</td>\n",
       "      <td>0.720760</td>\n",
       "      <td>-0.035587</td>\n",
       "      <td>0.668023</td>\n",
       "      <td>-0.292048</td>\n",
       "      <td>0.506456</td>\n",
       "      <td>-0.534432</td>\n",
       "      <td>0.910228</td>\n",
       "      <td>1.000000</td>\n",
       "      <td>0.460853</td>\n",
       "      <td>-0.441808</td>\n",
       "      <td>0.543993</td>\n",
       "      <td>-0.468536</td>\n",
       "    </tr>\n",
       "    <tr>\n",
       "      <th>PTRATIO</th>\n",
       "      <td>0.289946</td>\n",
       "      <td>-0.391679</td>\n",
       "      <td>0.383248</td>\n",
       "      <td>-0.121515</td>\n",
       "      <td>0.188933</td>\n",
       "      <td>-0.355501</td>\n",
       "      <td>0.261515</td>\n",
       "      <td>-0.232471</td>\n",
       "      <td>0.464741</td>\n",
       "      <td>0.460853</td>\n",
       "      <td>1.000000</td>\n",
       "      <td>-0.177383</td>\n",
       "      <td>0.374044</td>\n",
       "      <td>-0.507787</td>\n",
       "    </tr>\n",
       "    <tr>\n",
       "      <th>B</th>\n",
       "      <td>-0.385064</td>\n",
       "      <td>0.175520</td>\n",
       "      <td>-0.356977</td>\n",
       "      <td>0.048788</td>\n",
       "      <td>-0.380051</td>\n",
       "      <td>0.128069</td>\n",
       "      <td>-0.273534</td>\n",
       "      <td>0.291512</td>\n",
       "      <td>-0.444413</td>\n",
       "      <td>-0.441808</td>\n",
       "      <td>-0.177383</td>\n",
       "      <td>1.000000</td>\n",
       "      <td>-0.366087</td>\n",
       "      <td>0.333461</td>\n",
       "    </tr>\n",
       "    <tr>\n",
       "      <th>LSTAT</th>\n",
       "      <td>0.455621</td>\n",
       "      <td>-0.412995</td>\n",
       "      <td>0.603800</td>\n",
       "      <td>-0.053929</td>\n",
       "      <td>0.590879</td>\n",
       "      <td>-0.613808</td>\n",
       "      <td>0.602339</td>\n",
       "      <td>-0.496996</td>\n",
       "      <td>0.488676</td>\n",
       "      <td>0.543993</td>\n",
       "      <td>0.374044</td>\n",
       "      <td>-0.366087</td>\n",
       "      <td>1.000000</td>\n",
       "      <td>-0.737663</td>\n",
       "    </tr>\n",
       "    <tr>\n",
       "      <th>Target</th>\n",
       "      <td>-0.388305</td>\n",
       "      <td>0.360445</td>\n",
       "      <td>-0.483725</td>\n",
       "      <td>0.175260</td>\n",
       "      <td>-0.427321</td>\n",
       "      <td>0.695360</td>\n",
       "      <td>-0.376955</td>\n",
       "      <td>0.249929</td>\n",
       "      <td>-0.381626</td>\n",
       "      <td>-0.468536</td>\n",
       "      <td>-0.507787</td>\n",
       "      <td>0.333461</td>\n",
       "      <td>-0.737663</td>\n",
       "      <td>1.000000</td>\n",
       "    </tr>\n",
       "  </tbody>\n",
       "</table>\n",
       "</div>"
      ],
      "text/plain": [
       "             CRIM        ZN     INDUS      CHAS       NOX        RM       AGE  \\\n",
       "CRIM     1.000000 -0.200469  0.406583 -0.055892  0.420972 -0.219247  0.352734   \n",
       "ZN      -0.200469  1.000000 -0.533828 -0.042697 -0.516604  0.311991 -0.569537   \n",
       "INDUS    0.406583 -0.533828  1.000000  0.062938  0.763651 -0.391676  0.644779   \n",
       "CHAS    -0.055892 -0.042697  0.062938  1.000000  0.091203  0.091251  0.086518   \n",
       "NOX      0.420972 -0.516604  0.763651  0.091203  1.000000 -0.302188  0.731470   \n",
       "RM      -0.219247  0.311991 -0.391676  0.091251 -0.302188  1.000000 -0.240265   \n",
       "AGE      0.352734 -0.569537  0.644779  0.086518  0.731470 -0.240265  1.000000   \n",
       "DIS     -0.379670  0.664408 -0.708027 -0.099176 -0.769230  0.205246 -0.747881   \n",
       "RAD      0.625505 -0.311948  0.595129 -0.007368  0.611441 -0.209847  0.456022   \n",
       "TAX      0.582764 -0.314563  0.720760 -0.035587  0.668023 -0.292048  0.506456   \n",
       "PTRATIO  0.289946 -0.391679  0.383248 -0.121515  0.188933 -0.355501  0.261515   \n",
       "B       -0.385064  0.175520 -0.356977  0.048788 -0.380051  0.128069 -0.273534   \n",
       "LSTAT    0.455621 -0.412995  0.603800 -0.053929  0.590879 -0.613808  0.602339   \n",
       "Target  -0.388305  0.360445 -0.483725  0.175260 -0.427321  0.695360 -0.376955   \n",
       "\n",
       "              DIS       RAD       TAX   PTRATIO         B     LSTAT    Target  \n",
       "CRIM    -0.379670  0.625505  0.582764  0.289946 -0.385064  0.455621 -0.388305  \n",
       "ZN       0.664408 -0.311948 -0.314563 -0.391679  0.175520 -0.412995  0.360445  \n",
       "INDUS   -0.708027  0.595129  0.720760  0.383248 -0.356977  0.603800 -0.483725  \n",
       "CHAS    -0.099176 -0.007368 -0.035587 -0.121515  0.048788 -0.053929  0.175260  \n",
       "NOX     -0.769230  0.611441  0.668023  0.188933 -0.380051  0.590879 -0.427321  \n",
       "RM       0.205246 -0.209847 -0.292048 -0.355501  0.128069 -0.613808  0.695360  \n",
       "AGE     -0.747881  0.456022  0.506456  0.261515 -0.273534  0.602339 -0.376955  \n",
       "DIS      1.000000 -0.494588 -0.534432 -0.232471  0.291512 -0.496996  0.249929  \n",
       "RAD     -0.494588  1.000000  0.910228  0.464741 -0.444413  0.488676 -0.381626  \n",
       "TAX     -0.534432  0.910228  1.000000  0.460853 -0.441808  0.543993 -0.468536  \n",
       "PTRATIO -0.232471  0.464741  0.460853  1.000000 -0.177383  0.374044 -0.507787  \n",
       "B        0.291512 -0.444413 -0.441808 -0.177383  1.000000 -0.366087  0.333461  \n",
       "LSTAT   -0.496996  0.488676  0.543993  0.374044 -0.366087  1.000000 -0.737663  \n",
       "Target   0.249929 -0.381626 -0.468536 -0.507787  0.333461 -0.737663  1.000000  "
      ]
     },
     "execution_count": 73,
     "metadata": {},
     "output_type": "execute_result"
    }
   ],
   "source": [
    "df.corr()"
   ]
  },
  {
   "cell_type": "code",
   "execution_count": 71,
   "metadata": {},
   "outputs": [],
   "source": [
    "### TRAIN_TEST_SPLIT"
   ]
  },
  {
   "cell_type": "code",
   "execution_count": 88,
   "metadata": {},
   "outputs": [
    {
     "data": {
      "text/plain": [
       "{'data': array([[5.1, 3.5, 1.4, 0.2],\n",
       "        [4.9, 3. , 1.4, 0.2],\n",
       "        [4.7, 3.2, 1.3, 0.2],\n",
       "        [4.6, 3.1, 1.5, 0.2],\n",
       "        [5. , 3.6, 1.4, 0.2],\n",
       "        [5.4, 3.9, 1.7, 0.4],\n",
       "        [4.6, 3.4, 1.4, 0.3],\n",
       "        [5. , 3.4, 1.5, 0.2],\n",
       "        [4.4, 2.9, 1.4, 0.2],\n",
       "        [4.9, 3.1, 1.5, 0.1],\n",
       "        [5.4, 3.7, 1.5, 0.2],\n",
       "        [4.8, 3.4, 1.6, 0.2],\n",
       "        [4.8, 3. , 1.4, 0.1],\n",
       "        [4.3, 3. , 1.1, 0.1],\n",
       "        [5.8, 4. , 1.2, 0.2],\n",
       "        [5.7, 4.4, 1.5, 0.4],\n",
       "        [5.4, 3.9, 1.3, 0.4],\n",
       "        [5.1, 3.5, 1.4, 0.3],\n",
       "        [5.7, 3.8, 1.7, 0.3],\n",
       "        [5.1, 3.8, 1.5, 0.3],\n",
       "        [5.4, 3.4, 1.7, 0.2],\n",
       "        [5.1, 3.7, 1.5, 0.4],\n",
       "        [4.6, 3.6, 1. , 0.2],\n",
       "        [5.1, 3.3, 1.7, 0.5],\n",
       "        [4.8, 3.4, 1.9, 0.2],\n",
       "        [5. , 3. , 1.6, 0.2],\n",
       "        [5. , 3.4, 1.6, 0.4],\n",
       "        [5.2, 3.5, 1.5, 0.2],\n",
       "        [5.2, 3.4, 1.4, 0.2],\n",
       "        [4.7, 3.2, 1.6, 0.2],\n",
       "        [4.8, 3.1, 1.6, 0.2],\n",
       "        [5.4, 3.4, 1.5, 0.4],\n",
       "        [5.2, 4.1, 1.5, 0.1],\n",
       "        [5.5, 4.2, 1.4, 0.2],\n",
       "        [4.9, 3.1, 1.5, 0.2],\n",
       "        [5. , 3.2, 1.2, 0.2],\n",
       "        [5.5, 3.5, 1.3, 0.2],\n",
       "        [4.9, 3.6, 1.4, 0.1],\n",
       "        [4.4, 3. , 1.3, 0.2],\n",
       "        [5.1, 3.4, 1.5, 0.2],\n",
       "        [5. , 3.5, 1.3, 0.3],\n",
       "        [4.5, 2.3, 1.3, 0.3],\n",
       "        [4.4, 3.2, 1.3, 0.2],\n",
       "        [5. , 3.5, 1.6, 0.6],\n",
       "        [5.1, 3.8, 1.9, 0.4],\n",
       "        [4.8, 3. , 1.4, 0.3],\n",
       "        [5.1, 3.8, 1.6, 0.2],\n",
       "        [4.6, 3.2, 1.4, 0.2],\n",
       "        [5.3, 3.7, 1.5, 0.2],\n",
       "        [5. , 3.3, 1.4, 0.2],\n",
       "        [7. , 3.2, 4.7, 1.4],\n",
       "        [6.4, 3.2, 4.5, 1.5],\n",
       "        [6.9, 3.1, 4.9, 1.5],\n",
       "        [5.5, 2.3, 4. , 1.3],\n",
       "        [6.5, 2.8, 4.6, 1.5],\n",
       "        [5.7, 2.8, 4.5, 1.3],\n",
       "        [6.3, 3.3, 4.7, 1.6],\n",
       "        [4.9, 2.4, 3.3, 1. ],\n",
       "        [6.6, 2.9, 4.6, 1.3],\n",
       "        [5.2, 2.7, 3.9, 1.4],\n",
       "        [5. , 2. , 3.5, 1. ],\n",
       "        [5.9, 3. , 4.2, 1.5],\n",
       "        [6. , 2.2, 4. , 1. ],\n",
       "        [6.1, 2.9, 4.7, 1.4],\n",
       "        [5.6, 2.9, 3.6, 1.3],\n",
       "        [6.7, 3.1, 4.4, 1.4],\n",
       "        [5.6, 3. , 4.5, 1.5],\n",
       "        [5.8, 2.7, 4.1, 1. ],\n",
       "        [6.2, 2.2, 4.5, 1.5],\n",
       "        [5.6, 2.5, 3.9, 1.1],\n",
       "        [5.9, 3.2, 4.8, 1.8],\n",
       "        [6.1, 2.8, 4. , 1.3],\n",
       "        [6.3, 2.5, 4.9, 1.5],\n",
       "        [6.1, 2.8, 4.7, 1.2],\n",
       "        [6.4, 2.9, 4.3, 1.3],\n",
       "        [6.6, 3. , 4.4, 1.4],\n",
       "        [6.8, 2.8, 4.8, 1.4],\n",
       "        [6.7, 3. , 5. , 1.7],\n",
       "        [6. , 2.9, 4.5, 1.5],\n",
       "        [5.7, 2.6, 3.5, 1. ],\n",
       "        [5.5, 2.4, 3.8, 1.1],\n",
       "        [5.5, 2.4, 3.7, 1. ],\n",
       "        [5.8, 2.7, 3.9, 1.2],\n",
       "        [6. , 2.7, 5.1, 1.6],\n",
       "        [5.4, 3. , 4.5, 1.5],\n",
       "        [6. , 3.4, 4.5, 1.6],\n",
       "        [6.7, 3.1, 4.7, 1.5],\n",
       "        [6.3, 2.3, 4.4, 1.3],\n",
       "        [5.6, 3. , 4.1, 1.3],\n",
       "        [5.5, 2.5, 4. , 1.3],\n",
       "        [5.5, 2.6, 4.4, 1.2],\n",
       "        [6.1, 3. , 4.6, 1.4],\n",
       "        [5.8, 2.6, 4. , 1.2],\n",
       "        [5. , 2.3, 3.3, 1. ],\n",
       "        [5.6, 2.7, 4.2, 1.3],\n",
       "        [5.7, 3. , 4.2, 1.2],\n",
       "        [5.7, 2.9, 4.2, 1.3],\n",
       "        [6.2, 2.9, 4.3, 1.3],\n",
       "        [5.1, 2.5, 3. , 1.1],\n",
       "        [5.7, 2.8, 4.1, 1.3],\n",
       "        [6.3, 3.3, 6. , 2.5],\n",
       "        [5.8, 2.7, 5.1, 1.9],\n",
       "        [7.1, 3. , 5.9, 2.1],\n",
       "        [6.3, 2.9, 5.6, 1.8],\n",
       "        [6.5, 3. , 5.8, 2.2],\n",
       "        [7.6, 3. , 6.6, 2.1],\n",
       "        [4.9, 2.5, 4.5, 1.7],\n",
       "        [7.3, 2.9, 6.3, 1.8],\n",
       "        [6.7, 2.5, 5.8, 1.8],\n",
       "        [7.2, 3.6, 6.1, 2.5],\n",
       "        [6.5, 3.2, 5.1, 2. ],\n",
       "        [6.4, 2.7, 5.3, 1.9],\n",
       "        [6.8, 3. , 5.5, 2.1],\n",
       "        [5.7, 2.5, 5. , 2. ],\n",
       "        [5.8, 2.8, 5.1, 2.4],\n",
       "        [6.4, 3.2, 5.3, 2.3],\n",
       "        [6.5, 3. , 5.5, 1.8],\n",
       "        [7.7, 3.8, 6.7, 2.2],\n",
       "        [7.7, 2.6, 6.9, 2.3],\n",
       "        [6. , 2.2, 5. , 1.5],\n",
       "        [6.9, 3.2, 5.7, 2.3],\n",
       "        [5.6, 2.8, 4.9, 2. ],\n",
       "        [7.7, 2.8, 6.7, 2. ],\n",
       "        [6.3, 2.7, 4.9, 1.8],\n",
       "        [6.7, 3.3, 5.7, 2.1],\n",
       "        [7.2, 3.2, 6. , 1.8],\n",
       "        [6.2, 2.8, 4.8, 1.8],\n",
       "        [6.1, 3. , 4.9, 1.8],\n",
       "        [6.4, 2.8, 5.6, 2.1],\n",
       "        [7.2, 3. , 5.8, 1.6],\n",
       "        [7.4, 2.8, 6.1, 1.9],\n",
       "        [7.9, 3.8, 6.4, 2. ],\n",
       "        [6.4, 2.8, 5.6, 2.2],\n",
       "        [6.3, 2.8, 5.1, 1.5],\n",
       "        [6.1, 2.6, 5.6, 1.4],\n",
       "        [7.7, 3. , 6.1, 2.3],\n",
       "        [6.3, 3.4, 5.6, 2.4],\n",
       "        [6.4, 3.1, 5.5, 1.8],\n",
       "        [6. , 3. , 4.8, 1.8],\n",
       "        [6.9, 3.1, 5.4, 2.1],\n",
       "        [6.7, 3.1, 5.6, 2.4],\n",
       "        [6.9, 3.1, 5.1, 2.3],\n",
       "        [5.8, 2.7, 5.1, 1.9],\n",
       "        [6.8, 3.2, 5.9, 2.3],\n",
       "        [6.7, 3.3, 5.7, 2.5],\n",
       "        [6.7, 3. , 5.2, 2.3],\n",
       "        [6.3, 2.5, 5. , 1.9],\n",
       "        [6.5, 3. , 5.2, 2. ],\n",
       "        [6.2, 3.4, 5.4, 2.3],\n",
       "        [5.9, 3. , 5.1, 1.8]]),\n",
       " 'target': array([0, 0, 0, 0, 0, 0, 0, 0, 0, 0, 0, 0, 0, 0, 0, 0, 0, 0, 0, 0, 0, 0,\n",
       "        0, 0, 0, 0, 0, 0, 0, 0, 0, 0, 0, 0, 0, 0, 0, 0, 0, 0, 0, 0, 0, 0,\n",
       "        0, 0, 0, 0, 0, 0, 1, 1, 1, 1, 1, 1, 1, 1, 1, 1, 1, 1, 1, 1, 1, 1,\n",
       "        1, 1, 1, 1, 1, 1, 1, 1, 1, 1, 1, 1, 1, 1, 1, 1, 1, 1, 1, 1, 1, 1,\n",
       "        1, 1, 1, 1, 1, 1, 1, 1, 1, 1, 1, 1, 2, 2, 2, 2, 2, 2, 2, 2, 2, 2,\n",
       "        2, 2, 2, 2, 2, 2, 2, 2, 2, 2, 2, 2, 2, 2, 2, 2, 2, 2, 2, 2, 2, 2,\n",
       "        2, 2, 2, 2, 2, 2, 2, 2, 2, 2, 2, 2, 2, 2, 2, 2, 2, 2]),\n",
       " 'target_names': array(['setosa', 'versicolor', 'virginica'], dtype='<U10'),\n",
